object FrmMain: TFrmMain
  Width = 640
  Height = 480
  OnCreate = WebFormCreate
  object btnGetCurrent: TWebButton
    Left = 56
    Top = 48
    Width = 217
    Height = 65
    Caption = 'btnGetCurrent'
    HeightPercent = 100.000000000000000000
    WidthPercent = 100.000000000000000000
  end
  object txtCurrent: TWebEdit
    Left = 56
    Top = 160
    Width = 121
    Height = 22
    ChildOrder = 1
    HeightPercent = 100.000000000000000000
    Text = 'txtCurrent'
    WidthPercent = 100.000000000000000000
  end
end
